This folder: /home/daniella/Desktop/Pokemon Sprite Artwork/sprites/sprites/pokemon/versions/generation-ix/scarlet-violet

  File: ./icons
  Size: 36864     	Blocks: 72         IO Block: 4096   directory
Device: 8,22	Inode: 14024726    Links: 3
Access: (0775/drwxrwxr-x)  Uid: ( 1000/daniella)   Gid: ( 1000/daniella)
Access: 2024-01-06 03:34:15.181787512 -0300
Modify: 2024-01-06 03:34:15.165787694 -0300
Change: 2024-01-06 03:34:15.165787694 -0300
 Birth: 2024-01-06 03:05:23.995434893 -0300
IPFS hash: 
------------------------------
  File: ./Nintendo Switch - Pokemon Scarlet Violet - Pokemon Icons.zip.weborigin
  Size: 136       	Blocks: 8          IO Block: 4096   regular file
Device: 8,22	Inode: 14024728    Links: 1
Access: (0664/-rw-rw-r--)  Uid: ( 1000/daniella)   Gid: ( 1000/daniella)
Access: 2024-01-06 03:34:24.417683234 -0300
Modify: 2024-01-06 03:32:57.094732287 -0300
Change: 2024-01-06 03:33:02.094668223 -0300
 Birth: 2024-01-06 03:32:57.094732287 -0300
IPFS hash: QmVYT7GmdKPG72NkA3Ea8G8w368wkkzKqbojLn61HuX5m1
------------------------------
  File: ./Pokémon Scarlet and Violet
  Size: 4096      	Blocks: 8          IO Block: 4096   directory
Device: 8,22	Inode: 14024730    Links: 3
Access: (0700/drwx------)  Uid: ( 1000/daniella)   Gid: ( 1000/daniella)
Access: 2024-01-06 03:34:57.265324199 -0300
Modify: 2022-11-20 11:42:42.000000000 -0300
Change: 2024-01-06 03:34:50.621395361 -0300
 Birth: 2024-01-06 03:34:49.509407342 -0300
IPFS hash: 
------------------------------