This folder: /home/daniella/Desktop/Pokemon Sprite Artwork/Big Icons/SVG

  File: ./pm0000_00_00_00_big.svg
  Size: 4338      	Blocks: 16         IO Block: 4096   regular file
Device: 8,22	Inode: 10272991    Links: 1
Access: (0644/-rw-r--r--)  Uid: (    0/    root)   Gid: (    0/    root)
Access: 2024-01-06 02:59:04.910568693 -0300
Modify: 2024-01-06 02:59:02.278530418 -0300
Change: 2024-01-06 02:59:02.278530418 -0300
 Birth: 2024-01-06 02:59:02.278530418 -0300
IPFS hash: QmPxknWvZFdTE5dF2fNzk9rcDqKXdvMhrTezHXhHh8iTpi
------------------------------
  File: ./pm1062_00_00_00_big.svg
  Size: 23877     	Blocks: 48         IO Block: 4096   regular file
Device: 8,22	Inode: 10272990    Links: 1
Access: (0644/-rw-r--r--)  Uid: (    0/    root)   Gid: (    0/    root)
Access: 2024-01-06 02:58:35.914142641 -0300
Modify: 2024-01-06 02:58:33.022099609 -0300
Change: 2024-01-06 02:58:33.022099609 -0300
 Birth: 2024-01-06 02:58:33.018099549 -0300
IPFS hash: QmZqkb6nUARwKMx6xrgAtTBSRjeWLeHa3YPL8oPgGpFY1m
------------------------------